image: RMUC_2024_n.pgm
resolution: 0.050000
origin: [-49.939, -15.638962, 0]
negate: 0
occupied_thresh: 0.65
free_thresh: 0.196